0	0,315	0,2205	0,2205	0,315	NAN	
0,1	0,315	0,2205	0,2205	0,315	NAN	
0,2	0,315	0,2205	0,2205	0,315	NAN	
0,3	0,315	0,2205	0,2205	0,315	NAN	
0,4	0,315	0,2205	0,2205	0,315	NAN	
0,5	0,315	0,2205	0,2205	0,315	NAN	
0,6	0,315	0,2205	0,2205	0,315	NAN	
0,7	0,315	0,2205	0,2205	0,315	NAN	
0,8	0,315	0,2205	0,2205	0,315	NAN	
0,9	0,315	0,2205	0,2205	0,315	NAN	
1	0,315	0,2205	0,2205	0,315	NAN	
1,1	0,315	0,2205	0,2205	0,315	NAN	
1,2	0,315	0,2205	0,2205	0,315	NAN	
1,3	0,345	0,219	0,219	0,345	NAN	
1,4	0,51	0,2205	0,2205	0,51	NAN	
1,5	0,675	0,219	0,219	0,675	NAN	
1,6	0,84	0,2175	0,2175	0,84	NAN	
1,7	1,005	0,219	0,219	1,005	NAN	
1,8	1,005	0,222	0,222	1,005	NAN	
1,9	1,17	0,2235	0,2235	1,17	NAN	
2	1,335	0,2235	0,2235	1,335	NAN	
2,1	1,5	0,2235	0,2235	1,5	NAN	
2,2	1,665	0,2235	0,2235	1,665	NAN	
2,3	1,83	0,2235	0,2235	1,83	NAN	
2,4	1,98	0,2235	0,2235	1,98	NAN	
2,5	2,145	0,225	0,225	2,145	NAN	
2,6	2,295	0,225	0,225	2,295	NAN	
2,7	2,46	0,225	0,225	2,46	NAN	
2,8	2,61	0,225	0,225	2,61	NAN	
2,9	2,76	0,225	0,225	2,76	NAN	
3	2,925	0,225	0,225	2,925	NAN	
3,1	3,075	0,225	0,225	3,075	NAN	
3,2	3,225	0,225	0,225	3,225	NAN	
3,3	3,375	0,225	0,225	3,375	NAN	
3,4	3,525	0,225	0,225	3,525	NAN	
3,5	3,675	0,225	0,225	3,675	NAN	
3,6	3,825	0,2265	0,2265	3,825	NAN	
3,7	3,975	0,2265	0,2265	3,975	NAN	
3,8	4,125	0,24	0,24	4,125	NAN	
3,9	4,26	0,261	0,261	4,26	NAN	
4	4,41	0,216	0,216	4,41	NAN	
4,1	4,56	0,2085	0,2085	4,56	NAN	
4,2	4,71	0,2235	0,2235	4,71	NAN	
4,3	4,845	0,2325	0,2325	4,845	NAN	
4,4	4,995	0,2355	0,2355	4,995	NAN	
4,5	5,13	0,243	0,243	5,13	NAN	
4,6	5,28	0,276	0,276	5,28	NAN	
4,7	5,415	0,2985	0,2985	5,415	NAN	
4,8	5,55	0,2955	0,2955	5,55	NAN	
4,9	5,7	0,285	0,285	5,7	NAN	
5	5,835	0,276	0,276	5,835	NAN	
5,1	5,97	0,2685	0,2685	5,97	NAN	
5,2	6,105	0,2625	0,2625	6,105	NAN	
5,3	6,24	0,261	0,261	6,24	NAN	
5,4	6,375	0,2655	0,2655	6,375	NAN	
5,5	6,51	0,2715	0,2715	6,51	NAN	
5,6	6,645	0,276	0,276	6,645	NAN	
5,7	6,78	0,282	0,282	6,78	NAN	
5,8	6,915	0,2865	0,2865	6,915	NAN	
5,9	7,05	0,291	0,291	7,05	NAN	
6	7,185	0,2955	0,2955	7,185	NAN	
6,1	7,32	0,2985	0,2985	7,32	NAN	
6,2	7,44	0,3	0,3	7,44	NAN	
6,3	7,575	0,3015	0,3015	7,575	NAN	
6,4	7,71	0,303	0,303	7,71	NAN	
6,5	7,83	0,3045	0,3045	7,83	NAN	
6,6	7,965	0,3045	0,3045	7,965	NAN	
6,7	8,085	0,3045	0,3045	8,085	NAN	
6,8	8,22	0,3045	0,3045	8,22	NAN	
6,9	8,34	0,303	0,303	8,34	NAN	
7	8,475	0,303	0,303	8,475	NAN	
7,1	8,595	0,303	0,303	8,595	NAN	
7,2	8,595	0,303	0,303	8,595	NAN	
7,3	8,715	0,303	0,303	8,715	NAN	
7,4	8,835	0,3045	0,3045	8,835	NAN	
7,5	8,97	0,3045	0,3045	8,97	NAN	
7,6	9,09	0,306	0,306	9,09	NAN	
7,7	9,21	0,3075	0,3075	9,21	NAN	
7,8	9,33	0,3105	0,3105	9,33	NAN	
7,9	9,45	0,3135	0,3135	9,45	NAN	
8	9,57	0,318	0,318	9,57	NAN	
8,1	9,69	0,3225	0,3225	9,69	NAN	
8,2	9,81	0,3285	0,3285	9,81	NAN	
8,3	9,93	0,3345	0,3345	9,93	NAN	
8,4	10,05	0,3405	0,3405	10,05	NAN	
8,5	10,17	0,3495	0,3495	10,17	NAN	
8,6	10,275	0,3585	0,3585	10,275	NAN	
8,7	10,395	0,369	0,369	10,395	NAN	
8,8	10,515	0,3795	0,3795	10,515	NAN	
8,9	10,62	0,3915	0,3915	10,62	NAN	
9	10,74	0,405	0,405	10,74	NAN	
9,1	10,86	0,42	0,42	10,86	NAN	
9,2	10,965	0,4365	0,4365	10,965	NAN	
9,3	11,085	0,453	0,453	11,085	NAN	
9,4	11,19	0,471	0,471	11,19	NAN	
9,5	11,31	0,492	0,492	11,31	NAN	
9,6	11,415	0,5115	0,5115	11,415	NAN	
9,7	11,52	0,5295	0,5295	11,52	NAN	
9,8	11,64	0,546	0,546	11,64	NAN	
9,9	11,745	0,5595	0,5595	11,745	NAN	
10	11,85	0,5715	0,5715	11,85	NAN	
10,1	11,955	0,5805	0,5805	11,955	NAN	
10,2	12,075	0,5865	0,5865	12,075	NAN	
10,3	12,18	0,591	0,591	12,18	NAN	
10,4	12,285	0,5925	0,5925	12,285	NAN	
10,5	12,39	0,5925	0,5925	12,39	NAN	
10,6	12,495	0,5895	0,5895	12,495	NAN	
10,7	12,6	0,585	0,585	12,6	NAN	
10,8	12,705	0,5805	0,5805	12,705	NAN	
10,9	12,81	0,5745	0,5745	12,81	NAN	
11	12,915	0,567	0,567	12,915	NAN	
11,1	13,02	0,5595	0,5595	13,02	NAN	
11,2	13,125	0,552	0,552	13,125	NAN	
11,3	13,215	0,5445	0,5445	13,215	NAN	
11,4	13,32	0,537	0,537	13,32	NAN	
11,5	13,425	0,531	0,531	13,425	NAN	
11,6	13,515	0,525	0,525	13,515	NAN	
11,7	13,62	0,5205	0,5205	13,62	NAN	
11,8	13,725	0,5175	0,5175	13,725	NAN	
11,9	13,815	0,516	0,516	13,815	NAN	
12	13,92	0,5145	0,5145	13,92	NAN	
12,1	14,01	0,516	0,516	14,01	NAN	
12,2	14,115	0,5175	0,5175	14,115	NAN	
12,3	14,22	0,522	0,522	14,22	NAN	
12,4	14,31	0,528	0,528	14,31	NAN	
12,5	14,31	0,5355	0,5355	14,31	NAN	
12,6	14,4	0,5445	0,5445	14,4	NAN	
12,7	14,505	0,555	0,555	14,505	NAN	
12,8	14,595	0,567	0,567	14,595	NAN	
12,9	14,7	0,567	0,567	14,7	NAN	
13	14,79	0,582	0,582	14,79	NAN	
13,1	14,88	0,597	0,597	14,88	NAN	
13,2	14,97	0,615	0,615	14,97	NAN	
13,3	15,06	0,633	0,633	15,06	NAN	
13,4	15,165	0,654	0,654	15,165	NAN	
13,5	15,255	0,6765	0,6765	15,255	NAN	
13,6	15,345	0,7005	0,7005	15,345	NAN	
13,7	15,435	0,726	0,726	15,435	NAN	
13,8	15,525	0,7545	0,7545	15,525	NAN	
13,9	15,63	0,7845	0,7845	15,63	NAN	
14	15,72	0,816	0,816	15,72	NAN	
14,1	15,795	0,8505	0,8505	15,795	NAN	
14,2	15,885	0,888	0,888	15,885	NAN	
14,3	15,975	0,9285	0,9285	15,975	NAN	
14,4	16,065	0,9705	0,9705	16,065	NAN	
14,5	16,155	1,014	1,014	16,155	NAN	
14,6	16,245	1,0575	1,0575	16,245	NAN	
14,7	16,335	1,098	1,098	16,335	NAN	
14,8	16,41	1,134	1,134	16,41	NAN	
14,9	16,5	1,128	1,128	16,5	NAN	
15	16,59	1,1235	1,1235	16,59	NAN	
15,1	16,68	1,2	1,2	16,68	NAN	
15,2	16,755	1,251	1,251	16,755	NAN	
15,3	16,845	1,272	1,272	16,845	NAN	
15,4	16,92	1,2825	1,2825	16,92	NAN	
15,5	17,01	1,287	1,287	17,01	NAN	
15,6	17,1	1,287	1,287	17,1	NAN	
15,7	17,175	1,2825	1,2825	17,175	NAN	
15,8	17,265	1,2735	1,2735	17,265	NAN	
15,9	17,34	1,2615	1,2615	17,34	NAN	
16	17,415	1,2465	1,2465	17,415	NAN	
16,1	17,505	1,23	1,23	17,505	NAN	
16,2	17,58	1,2135	1,2135	17,58	NAN	
16,3	17,67	1,194	1,194	17,67	NAN	
16,4	17,745	1,173	1,173	17,745	NAN	
16,5	17,82	1,149	1,149	17,82	NAN	
16,6	17,91	1,125	1,125	17,91	NAN	
16,7	17,985	1,1025	1,1025	17,985	NAN	
16,8	18,06	1,0815	1,0815	18,06	NAN	
16,9	18,135	1,062	1,062	18,135	NAN	
17	18,21	1,044	1,044	18,21	NAN	
17,1	18,3	1,026	1,026	18,3	NAN	
17,2	18,375	1,011	1,011	18,375	NAN	
17,3	18,45	0,996	0,996	18,45	NAN	
17,4	18,525	0,984	0,984	18,525	NAN	
17,5	18,6	0,9735	0,9735	18,6	NAN	
17,6	18,675	0,966	0,966	18,675	NAN	
17,7	18,75	0,9615	0,9615	18,75	NAN	
17,8	18,825	0,9585	0,9585	18,825	NAN	
17,9	18,825	0,9585	0,9585	18,825	NAN	
18	18,9	0,96	0,96	18,9	NAN	
18,1	18,975	0,9645	0,9645	18,975	NAN	
18,2	19,05	0,9645	0,9645	19,05	NAN	
18,3	19,125	0,972	0,972	19,125	NAN	
18,4	19,2	0,9795	0,9795	19,2	NAN	
18,5	19,275	0,99	0,99	19,275	NAN	
18,6	19,335	1,002	1,002	19,335	NAN	
18,7	19,41	1,0185	1,0185	19,41	NAN	
18,8	19,485	1,0365	1,0365	19,485	NAN	
18,9	19,56	1,056	1,056	19,56	NAN	
19	19,635	1,0785	1,0785	19,635	NAN	
19,1	19,695	1,1025	1,1025	19,695	NAN	
19,2	19,77	1,128	1,128	19,77	NAN	
19,3	19,845	1,1565	1,1565	19,845	NAN	
19,4	19,905	1,1865	1,1865	19,905	NAN	
19,5	19,98	1,218	1,218	19,98	NAN	
19,6	20,055	1,251	1,251	20,055	NAN	
19,7	20,115	1,287	1,287	20,115	NAN	
19,8	20,19	1,323	1,323	20,19	NAN	
19,9	20,25	1,362	1,362	20,25	NAN	
20	20,325	1,404	1,404	20,325	NAN	
20,1	20,385	1,4475	1,4475	20,385	NAN	
20,2	20,46	1,494	1,494	20,46	NAN	
20,3	20,52	1,542	1,542	20,52	NAN	
20,4	20,595	1,593	1,593	20,595	NAN	
20,5	20,655	1,647	1,647	20,655	NAN	
20,6	20,715	1,704	1,704	20,715	NAN	
20,7	20,79	1,7655	1,7655	20,79	NAN	
20,8	20,85	1,827	1,827	20,85	NAN	
20,9	20,91	1,893	1,893	20,91	NAN	
21	20,985	1,9575	1,9575	20,985	NAN	
21,1	21,045	2,0235	2,0235	21,045	NAN	
21,2	21,105	2,0895	2,0895	21,105	NAN	
21,3	21,165	2,154	2,154	21,165	NAN	
21,4	21,24	2,2125	2,2125	21,24	NAN	
21,5	21,3	2,268	2,268	21,3	NAN	
21,6	21,36	2,3205	2,3205	21,36	NAN	
21,7	21,42	2,3685	2,3685	21,42	NAN	
21,8	21,48	2,412	2,412	21,48	NAN	
21,9	21,555	2,451	2,451	21,555	NAN	
22	21,615	2,487	2,487	21,615	NAN	
22,1	21,675	2,52	2,52	21,675	NAN	
22,2	21,735	2,547	2,547	21,735	NAN	
22,3	21,795	2,568	2,568	21,795	NAN	
22,4	21,855	2,583	2,583	21,855	NAN	
22,5	21,915	2,592	2,592	21,915	NAN	
22,6	21,975	2,595	2,595	21,975	NAN	
22,7	22,035	2,5905	2,5905	22,035	NAN	
22,8	22,095	2,583	2,583	22,095	NAN	
22,9	22,155	2,5695	2,5695	22,155	NAN	
23	22,215	2,5515	2,5515	22,215	NAN	
23,1	22,275	2,5305	2,5305	22,275	NAN	
23,2	22,275	2,508	2,508	22,275	NAN	
23,3	22,32	2,4825	2,4825	22,32	NAN	
23,4	22,38	2,4555	2,4555	22,38	NAN	
23,5	22,44	2,427	2,427	22,44	NAN	
23,6	22,5	2,427	2,427	22,5	NAN	
23,7	22,56	2,3955	2,3955	22,56	NAN	
23,8	22,62	2,361	2,361	22,62	NAN	
23,9	22,665	2,325	2,325	22,665	NAN	
24	22,725	2,2875	2,2875	22,725	NAN	
24,1	22,785	2,25	2,25	22,785	NAN	
24,2	22,845	2,214	2,214	22,845	NAN	
24,3	22,89	2,178	2,178	22,89	NAN	
24,4	22,95	2,1435	2,1435	22,95	NAN	
24,5	23,01	2,1105	2,1105	23,01	NAN	
24,6	23,055	2,079	2,079	23,055	NAN	
24,7	23,115	2,049	2,049	23,115	NAN	
24,8	23,175	2,0205	2,0205	23,175	NAN	
24,9	23,22	1,9935	1,9935	23,22	NAN	
25	23,28	1,9665	1,9665	23,28	NAN	
25,1	23,34	1,9425	1,9425	23,34	NAN	
25,2	23,385	1,92	1,92	23,385	NAN	
25,3	23,445	1,899	1,899	23,445	NAN	
25,4	23,49	1,881	1,881	23,49	NAN	
25,5	23,55	1,866	1,866	23,55	NAN	
25,6	23,595	1,854	1,854	23,595	NAN	
25,7	23,655	1,8435	1,8435	23,655	NAN	
25,8	23,7	1,836	1,836	23,7	NAN	
25,9	23,745	1,83	1,83	23,745	NAN	
26	23,805	1,827	1,827	23,805	NAN	
26,1	23,85	1,8255	1,8255	23,85	NAN	
26,2	23,91	1,8255	1,8255	23,91	NAN	
26,3	23,955	1,8285	1,8285	23,955	NAN	
26,4	24	1,833	1,833	24	NAN	
26,5	24,06	1,839	1,839	24,06	NAN	
26,6	24,105	1,848	1,848	24,105	NAN	
26,7	24,15	1,86	1,86	24,15	NAN	
26,8	24,21	1,8735	1,8735	24,21	NAN	
26,9	24,255	1,887	1,887	24,255	NAN	
27	24,3	1,905	1,905	24,3	NAN	
27,1	24,36	1,923	1,923	24,36	NAN	
27,2	24,405	1,944	1,944	24,405	NAN	
27,3	24,45	1,9665	1,9665	24,45	NAN	
27,4	24,495	1,9905	1,9905	24,495	NAN	
27,5	24,54	2,0175	2,0175	24,54	NAN	
27,6	24,6	2,0445	2,0445	24,6	NAN	
27,7	24,645	2,073	2,073	24,645	NAN	
27,8	24,69	2,1045	2,1045	24,69	NAN	
27,9	24,735	2,136	2,136	24,735	NAN	
28	24,78	2,1705	2,1705	24,78	NAN	
28,1	24,825	2,2065	2,2065	24,825	NAN	
28,2	24,87	2,244	2,244	24,87	NAN	
28,3	24,915	2,2845	2,2845	24,915	NAN	
28,4	24,96	2,3235	2,3235	24,96	NAN	
28,5	25,005	2,3655	2,3655	25,005	NAN	
28,6	25,005	2,4075	2,4075	25,005	NAN	
28,7	25,05	2,4525	2,4525	25,05	NAN	
28,8	25,095	2,499	2,499	25,095	NAN	
28,9	25,14	2,547	2,547	25,14	NAN	
29	25,185	2,547	2,547	25,185	NAN	
29,1	25,23	2,5935	2,5935	25,23	NAN	
29,2	25,275	2,6265	2,6265	25,275	NAN	
29,3	25,32	2,6445	2,6445	25,32	NAN	
29,4	25,365	2,6565	2,6565	25,365	NAN	
29,5	25,41	2,667	2,667	25,41	NAN	
29,6	25,455	2,679	2,679	25,455	NAN	
29,7	25,5	2,691	2,691	25,5	NAN	
29,8	25,545	2,703	2,703	25,545	NAN	
29,9	25,59	2,715	2,715	25,59	NAN	
30	25,635	2,727	2,727	25,635	NAN	
30,1	25,665	2,7375	2,7375	25,665	NAN	
30,2	25,71	2,7495	2,7495	25,71	NAN	
30,3	25,755	2,7615	2,7615	25,755	NAN	
30,4	25,8	2,7735	2,7735	25,8	NAN	
30,5	25,845	2,7855	2,7855	25,845	NAN	
30,6	25,875	2,7975	2,7975	25,875	NAN	
30,7	25,92	2,808	2,808	25,92	NAN	
30,8	25,965	2,8185	2,8185	25,965	NAN	
30,9	26,01	2,8305	2,8305	26,01	NAN	
31	26,04	2,8425	2,8425	26,04	NAN	
31,1	26,085	2,853	2,853	26,085	NAN	
31,2	26,13	2,862	2,862	26,13	NAN	
31,3	26,16	2,871	2,871	26,16	NAN	
31,4	26,205	2,88	2,88	26,205	NAN	
31,5	26,25	2,889	2,889	26,25	NAN	
31,6	26,28	2,8965	2,8965	26,28	NAN	
31,7	26,325	2,904	2,904	26,325	NAN	
31,8	26,37	2,9115	2,9115	26,37	NAN	
31,9	26,4	2,919	2,919	26,4	NAN	
32	26,445	2,925	2,925	26,445	NAN	
32,1	26,475	2,931	2,931	26,475	NAN	
32,2	26,52	2,937	2,937	26,52	NAN	
32,3	26,565	2,943	2,943	26,565	NAN	
32,4	26,595	2,9475	2,9475	26,595	NAN	
32,5	26,64	2,952	2,952	26,64	NAN	
32,6	26,67	2,955	2,955	26,67	NAN	
32,7	26,715	2,9565	2,9565	26,715	NAN	
32,8	26,745	2,9595	2,9595	26,745	NAN	
32,9	26,79	2,961	2,961	26,79	NAN	
33	26,82	2,9625	2,9625	26,82	NAN	
33,1	26,865	2,964	2,964	26,865	NAN	
33,2	26,895	2,964	2,964	26,895	NAN	
33,3	26,94	2,964	2,964	26,94	NAN	
33,4	26,97	2,9625	2,9625	26,97	NAN	
33,5	27	2,961	2,961	27	NAN	
33,6	27,045	2,9595	2,9595	27,045	NAN	
33,7	27,075	2,958	2,958	27,075	NAN	
33,8	27,12	2,955	2,955	27,12	NAN	
33,9	27,15	2,9535	2,9535	27,15	NAN	
34	27,15	2,9505	2,9505	27,15	NAN	
34,1	27,18	2,946	2,946	27,18	NAN	
34,2	27,225	2,943	2,943	27,225	NAN	
34,3	27,255	2,943	2,943	27,255	NAN	
34,4	27,285	2,9385	2,9385	27,285	NAN	
34,5	27,33	2,9355	2,9355	27,33	NAN	
34,6	27,36	2,9325	2,9325	27,36	NAN	
34,7	27,39	2,928	2,928	27,39	NAN	
34,8	27,435	2,922	2,922	27,435	NAN	
34,9	27,465	2,9175	2,9175	27,465	NAN	
35	27,495	2,913	2,913	27,495	NAN	
35,1	27,525	2,9085	2,9085	27,525	NAN	
35,2	27,57	2,9025	2,9025	27,57	NAN	
35,3	27,6	2,8965	2,8965	27,6	NAN	
35,4	27,63	2,892	2,892	27,63	NAN	
35,5	27,675	2,886	2,886	27,675	NAN	
35,6	27,705	2,88	2,88	27,705	NAN	
35,7	27,735	2,8755	2,8755	27,735	NAN	
35,8	27,765	2,8695	2,8695	27,765	NAN	
35,9	27,795	2,865	2,865	27,795	NAN	
36	27,825	2,8605	2,8605	27,825	NAN	
36,1	27,87	2,8545	2,8545	27,87	NAN	
36,2	27,9	2,8485	2,8485	27,9	NAN	
36,3	27,93	2,844	2,844	27,93	NAN	
36,4	27,96	2,8395	2,8395	27,96	NAN	
36,5	27,99	2,835	2,835	27,99	NAN	
36,6	28,02	2,8305	2,8305	28,02	NAN	
36,7	28,05	2,826	2,826	28,05	NAN	
36,8	28,08	2,8215	2,8215	28,08	NAN	
36,9	28,125	2,817	2,817	28,125	NAN	
37	28,155	2,8125	2,8125	28,155	NAN	
37,1	28,185	2,808	2,808	28,185	NAN	
37,2	28,215	2,805	2,805	28,215	NAN	
37,3	28,245	2,8005	2,8005	28,245	NAN	
37,4	28,275	2,796	2,796	28,275	NAN	
37,5	28,305	2,7915	2,7915	28,305	NAN	
